%YAML:1.0
transform:
   q_x: -1.4503746143969629e-03
   q_y: -8.7492807092836144e-03
   q_z: 1.1880154522403760e-03
   q_w: 9.9995996675858667e-01
   t_x: -2.9640303540498758e-01
   t_y: 4.1223230999117904e-03
   t_z: 4.1666245272390283e-03
