%YAML:1.0
transform:
   q_x: -6.4606280282105549e-04
   q_y: 7.6692673351683883e-03
   q_z: -1.0611750436820191e-02
   q_w: 9.9991407415540590e-01
   t_x: -5.0066829256535261e-01
   t_y: 6.4885412323041772e-03
   t_z: -2.8804059275455421e-03
